file_type = "xyz"
particleDataPathT0 = "/media/Media4/Scratch/runFiles/tensile-hole-8000-QS-home/run.xyz"
particleVolume = "/media/Media4/Scratch/runFiles/tensile-hole-8000-QS-home/run.volume"
latticePoints = [61, 61, 1]
boundaries = [0.000000e+00, 5.000000e-05, 0.000000e+00, 5.000000e-05, 0.000000e+00, 8.068180e-07]
nParticles = 8000
spacing = 8.068200e-07
delta = 1.613721e-06
